65 3
Khabarovskaya
10
9
7
Novosibirskaya
15
15
3
Urengoyaskya
25
23
7
Krasnodarskaya
7
7
5
Kushevskoe
5
4
3
Stavropolskaya
15
7
3
Gatchinskaya
10
0
5
Nord Stream - 2
1400
2200
1
Nord Stream
1400
2000
1
Yamal - Europe
1400
3000
0
Urengoi - Uzhgorod
1000
5000
0
Blue Stream
700
850
0
Turkish Stream
700
1450
1
Power of Siberia
1400
1500
0
Power of Siberia - 2
1400
4000
0
Region_7
2366
829
381
Region_10
1811
2561
1486
Region_61
1079
1516
1559
Region_52
2862
36
2780
Region_40
938
2869
1353
Region_49
970
1663
109
Region_75
634
21
2773
Region_84
2517
25
2832
Region_41
2013
647
1507
Region_45
2574
2845
1401
Region_83
884
2887
1171
Region_9
17
2568
256
Region_8
1535
2922
2209
Region_32
734
2201
2974
Region_82
1206
2358
2423
Region_89
2126
601
2999
Region_92
2075
1711
2656
Region_72
1492
2553
1391
Region_20
273
1903
2401
Region_61
2479
292
476
Region_23
1970
49
2372
Region_76
2921
1352
1171
Region_98
508
2390
999
Region_89
2135
611
770
Region_9
744
2350
1104
Region_84
1813
331
1356
Region_27
810
55
571
Region_39
2098
1064
1019
Region_49
2702
2573
2721
Region_10
2083
245
5
Region_5
1364
2302
1524
Region_95
850
1201
1491
Region_34
498
676
287
Region_3
407
1111
752
Region_56
2686
2787
1325
Region_30
2596
2711
2981
Region_8
2911
2724
374
Region_87
2511
2579
2812
Region_18
2214
895
875
Region_96
2613
2515
2662
Region_69
230
1561
1020
Region_56
2269
267
1486
Region_68
519
1905
850
Region_17
704
2220
1684
Region_58
747
101
1598
Region_50
2117
2213
1588
Region_80
1924
2374
2482
Region_58
1963
1128
2572
Region_35
1455
999
65
Region_59
1832
2172
466
